1 9462759388 100
2 9490213257 101
3 9482028669 102
4 94359780 103
5 9430353632 104
6 9469555418 105
7 9422361018 106
8 9426243086 107
9 941898534 108
10 9497681419 109
11 9472589048 110
12 9459731722 111
13 9485101866 100
14 9427343232 101
15 9464749868 102
16 945608611 103
17 942209102 104
18 9441234630 105
19 9454108422 106
20 9420554482 107
21 9462524797 108
22 9458169010 109
23 9484484840 110
24 9417278440 111
25 946211346 100
26 9457461495 101
27 9495693469 102
28 9453368071 103
29 9413048080 104
30 9443008070 105
31 9450334130 106
32 9495849908 107
33 948905254 108
34 9436763707 109
35 9445412653 110
36 9474502083 111
37 9474457145 100
38 9419863266 101
39 9480585894 102
40 94259265 103
41 941560621 104
42 9440914691 105
43 9427621129 106
44 9455615779 107
45 94201418 108
46 9445496213 109
47 9424745235 110
48 944894133 111
49 9441933364 100
50 946017517 101
51 9426015086 102
52 9422323468 103
53 9430866398 104
54 942292570 105
55 946357497 106
56 9481181237 107
57 9459288547 108
58 9496768561 109
59 9443408690 110
60 9491091590 111
61 9478034542 100
62 94612910 101
63 94495277 102
64 9436426618 103
65 9434871040 104
66 9461276011 105
67 9494796088 106
68 9424874711 107
69 9452818918 108
70 9464151131 109
71 9487202268 110
72 94815885 111
73 9494474648 100
74 949691491 101
75 9484333787 102
76 9446815152 103
77 9415146237 104
78 942866810 105
79 9437808361 106
80 9494026508 107
81 9488727268 108
82 9497085529 109
83 9465928351 110
84 9436218547 111
85 9460311873 100
86 94414136 101
87 9472744751 102
88 9457521308 103
89 9417996721 104
90 9468601795 105
91 9432996585 106
92 9428227894 107
93 9450564813 108
94 9431745688 109
95 9485498837 110
96 9424578928 111
97 948097421 100
98 9421242165 101
99 9470657401 102
100 9492745746 103
